MODEL: IONOSPHERE 
TYPE: 1 
N_ATTRIBUTES: 34 
N_EXAMPLES: 6 
N_CLASSES: 2 
DATASET:
1.000000 0.000000 1.000000 0.483175 1.000000 0.502425 1.000000 0.439690 0.944825 0.505990 0.865410 0.526730 0.927215 0.504135 0.772955 0.501495 0.918875 0.431780 0.877675 0.457300 0.854435 0.362490 0.716925 0.439690 0.787640 0.298900 0.794920 0.389275 0.715500 0.413175 0.802180 0.379100 0.780225 0.308810 2
1.000000 0.000000 0.500000 0.500000 0.500000 0.500000 1.000000 1.000000 0.000000 0.000000 0.500000 0.500000 1.000000 0.444445 0.500000 0.500000 0.500000 0.500000 0.000000 1.000000 1.000000 1.000000 1.000000 0.000000 0.500000 0.500000 1.000000 0.000000 0.500000 0.500000 0.500000 0.500000 1.000000 1.000000 1
1.000000 0.000000 0.000000 0.000000 0.500000 0.500000 0.754070 0.107490 0.802930 0.664495 0.000000 0.293160 0.500000 0.500000 0.500000 0.500000 1.000000 0.366450 0.682410 0.182410 0.985340 0.000000 0.000000 0.000000 1.000000 0.201955 0.000000 0.000000 0.000000 0.000000 1.000000 0.000000 0.500000 0.500000 1
1.000000 0.000000 0.951870 0.491980 1.000000 0.540105 1.000000 0.508020 0.965240 0.502675 0.967915 0.491980 1.000000 0.500000 1.000000 0.532085 1.000000 0.524065 0.957220 0.521390 0.983955 0.510695 0.994650 0.491980 0.981285 0.526740 0.984870 0.522260 0.938505 0.505350 1.000000 0.545455 0.989305 0.532085 2
1.000000 0.000000 1.000000 0.000000 1.000000 1.000000 1.000000 1.000000 1.000000 0.250000 1.000000 1.000000 1.000000 1.000000 1.000000 1.000000 0.500000 0.500000 1.000000 1.000000 1.000000 1.000000 1.000000 0.000000 1.000000 1.000000 1.000000 0.812500 1.000000 0.125000 0.125000 1.000000 1.000000 1.000000 1
1.000000 0.000000 0.967685 0.568225 0.968580 0.626795 0.928525 0.693895 0.895195 0.735635 0.861760 0.799710 0.826300 0.875000 0.754150 0.867930 0.708145 0.913710 0.627695 0.929760 0.568560 0.928075 0.502470 0.944345 0.463195 0.898900 0.395025 0.890020 0.334155 0.857270 0.307340 0.821815 0.262905 0.779175 2
